1722008914955 0.18917896329928113 500
1722009188569 0.37835792659856227 1000
1722009454267 0.5675368898978433 1500
1722009722867 0.7567158531971245 2000
1722010007356 0.9458948164964056 2500
1722010397954 1.0 2643
1722010595914 1.1350737797956867 3000
1722010874557 1.3242527430949678 3500
1722011157150 1.513431706394249 4000
1722011437164 1.70261066969353 4500
1722011717129 1.8917896329928112 5000
1722012201544 2.0 5286
1722012318131 2.0809685962920925 5500
1722012605277 2.2701475595913734 6000
1722012891918 2.4593265228906547 6500
1722013177374 2.6485054861899355 7000
1722013459545 2.837684449489217 7500
1722014031152 3.0 7929
1722014070912 3.026863412788498 8000
1722014360034 3.216042376087779 8500
1722014657573 3.4052213393870603 9000
1722014955540 3.594400302686341 9500
1722015251811 3.7835792659856224 10000
1722015549236 3.9727582292849037 10500
1722015982794 4.0 10572
