1722008914955 4.968470172783453e-05 500
1722009188569 4.936940345566907e-05 1000
1722009454267 4.90541051835036e-05 1500
1722009722867 4.873880691133813e-05 2000
1722010007356 4.842350863917266e-05 2500
1722010595914 4.810821036700719e-05 3000
1722010874557 4.7792912094841724e-05 3500
1722011157150 4.7477613822676254e-05 4000
1722011437164 4.7162315550510784e-05 4500
1722011717129 4.684701727834532e-05 5000
1722012318131 4.653171900617985e-05 5500
1722012605277 4.621642073401438e-05 6000
1722012891918 4.590112246184891e-05 6500
1722013177374 4.558582418968344e-05 7000
1722013459545 4.5270525917517975e-05 7500
1722014070912 4.4955227645352505e-05 8000
1722014360034 4.463992937318704e-05 8500
1722014657573 4.432463110102157e-05 9000
1722014955540 4.40093328288561e-05 9500
1722015251811 4.369403455669063e-05 10000
1722015549236 4.337873628452516e-05 10500
