1722020130108 0.18917896329928113 500
1722020386546 0.37835792659856227 1000
1722020661214 0.5675368898978433 1500
1722020945053 0.7567158531971245 2000
1722021243932 0.9458948164964056 2500
1722021652693 1.0 2643
1722021880171 1.1350737797956867 3000
1722022223419 1.3242527430949678 3500
1722022573526 1.513431706394249 4000
1722022932643 1.70261066969353 4500
1722023292515 1.8917896329928112 5000
1722023913865 2.0 5286
1722024060223 2.0809685962920925 5500
1722024408818 2.2701475595913734 6000
